U_G_1_A_1 = -0.000000e+00
U_G_2_A_1 = -1.329985e-03
U_G_3_A_1 = -2.530873e-03
U_G_4_A_1 = -2.626431e-03
U_G_5_A_1 = -2.021475e-03
U_G_6_A_1 = -2.116062e-03
U_G_7_A_1 = -2.625207e-03
U_G_8_A_1 = -2.508510e-03
U_G_9_A_1 = -1.602787e-03
U_G_10_A_1 = -0.000000e+00
U_G_1_A_2 = -0.000000e+00
U_G_2_A_2 = -1.971435e-03
U_G_3_A_2 = -4.105828e-03
U_G_4_A_2 = -4.925719e-03
U_G_5_A_2 = -4.656073e-03
U_G_6_A_2 = -4.765534e-03
U_G_7_A_2 = -4.932074e-03
U_G_8_A_2 = -4.101627e-03
U_G_9_A_2 = -2.372329e-03
U_G_10_A_2 = -0.000000e+00
U_G_1_A_3 = -0.000000e+00
U_G_2_A_3 = -2.891140e-03
U_G_3_A_3 = -6.110184e-03
U_G_4_A_3 = -7.482721e-03
U_G_5_A_3 = -7.243909e-03
U_G_6_A_3 = -7.394603e-03
U_G_7_A_3 = -7.489288e-03
U_G_8_A_3 = -6.106196e-03
U_G_9_A_3 = -3.474826e-03
U_G_10_A_3 = -0.000000e+00
U_G_1_A_4 = -0.000000e+00
U_G_2_A_4 = -3.266126e-03
U_G_3_A_4 = -7.244541e-03
U_G_4_A_4 = -9.451593e-03
U_G_5_A_4 = -9.809935e-03
U_G_6_A_4 = -1.001530e-02
U_G_7_A_4 = -9.614043e-03
U_G_8_A_4 = -7.423997e-03
U_G_9_A_4 = -4.024986e-03
U_G_10_A_4 = -0.000000e+00
U_G_1_A_5 = -0.000000e+00
U_G_2_A_5 = -3.235485e-03
U_G_3_A_5 = -7.288415e-03
U_G_4_A_5 = -9.688955e-03
U_G_5_A_5 = -1.024305e-02
U_G_6_A_5 = -1.044010e-02
U_G_7_A_5 = -9.859989e-03
U_G_8_A_5 = -7.483309e-03
U_G_9_A_5 = -3.991388e-03
U_G_10_A_5 = -0.000000e+00
U_G_1_A_6 = -0.000000e+00
U_G_2_A_6 = -2.524510e-03
U_G_3_A_6 = -5.828597e-03
U_G_4_A_6 = -7.994167e-03
U_G_5_A_6 = -8.909976e-03
U_G_6_A_6 = -9.703661e-03
U_G_7_A_6 = -9.612333e-03
U_G_8_A_6 = -7.563124e-03
U_G_9_A_6 = -4.148160e-03
U_G_10_A_6 = -0.000000e+00
U_G_1_A_7 = -0.000000e+00
U_G_2_A_7 = -2.352643e-03
U_G_3_A_7 = -5.354329e-03
U_G_4_A_7 = -7.218647e-03
U_G_5_A_7 = -7.874124e-03
U_G_6_A_7 = -8.449734e-03
U_G_7_A_7 = -8.337008e-03
U_G_8_A_7 = -6.553172e-03
U_G_9_A_7 = -3.595481e-03
U_G_10_A_7 = -0.000000e+00
U_G_1_A_8 = -0.000000e+00
U_G_2_A_8 = -6.506476e-04
U_G_3_A_8 = -1.606161e-03
U_G_4_A_8 = -2.352609e-03
U_G_5_A_8 = -2.655468e-03
U_G_6_A_8 = -2.522508e-03
U_G_7_A_8 = -2.025936e-03
U_G_8_A_8 = -1.270533e-03
U_G_9_A_8 = -5.466982e-04
U_G_10_A_8 = -0.000000e+00
U_G_1_A_9 = 0.000000e+00
U_G_2_A_9 = 9.541460e-04
U_G_3_A_9 = 2.009093e-03
U_G_4_A_9 = 2.385423e-03
U_G_5_A_9 = 1.607511e-03
U_G_6_A_9 = -2.658244e-04
U_G_7_A_9 = -1.981941e-03
U_G_8_A_9 = -2.625954e-03
U_G_9_A_9 = -1.906483e-03
U_G_10_A_9 = 0.000000e+00
U_G_1_A_10 = 0.000000e+00
U_G_2_A_10 = 1.030385e-03
U_G_3_A_10 = 1.890694e-03
U_G_4_A_10 = 1.806228e-03
U_G_5_A_10 = 9.456925e-04
U_G_6_A_10 = 2.738839e-04
U_G_7_A_10 = 9.752187e-05
U_G_8_A_10 = 5.850721e-05
U_G_9_A_10 = 5.016127e-05
U_G_10_A_10 = 0.000000e+00
U_G_1_A_11 = 0.000000e+00
U_G_2_A_11 = 1.435024e-03
U_G_3_A_11 = 3.114495e-03
U_G_4_A_11 = 3.946190e-03
U_G_5_A_11 = 3.906970e-03
U_G_6_A_11 = 3.791656e-03
U_G_7_A_11 = 3.535632e-03
U_G_8_A_11 = 2.678394e-03
U_G_9_A_11 = 1.433441e-03
U_G_10_A_11 = 0.000000e+00
U_G_1_A_12 = 0.000000e+00
U_G_2_A_12 = 1.900265e-03
U_G_3_A_12 = 4.090363e-03
U_G_4_A_12 = 5.125702e-03
U_G_5_A_12 = 5.000963e-03
U_G_6_A_12 = 4.815112e-03
U_G_7_A_12 = 4.499283e-03
U_G_8_A_12 = 3.423186e-03
U_G_9_A_12 = 1.841217e-03
U_G_10_A_12 = 0.000000e+00
U_G_1_A_13 = 0.000000e+00
U_G_2_A_13 = 2.188561e-03
U_G_3_A_13 = 4.318758e-03
U_G_4_A_13 = 4.738965e-03
U_G_5_A_13 = 3.665011e-03
U_G_6_A_13 = 2.822560e-03
U_G_7_A_13 = 2.503866e-03
U_G_8_A_13 = 1.922890e-03
U_G_9_A_13 = 1.072984e-03
U_G_10_A_13 = 0.000000e+00
U_G_1_A_14 = 0.000000e+00
U_G_2_A_14 = 1.245762e-03
U_G_3_A_14 = 2.812799e-03
U_G_4_A_14 = 3.742727e-03
U_G_5_A_14 = 3.892293e-03
U_G_6_A_14 = 3.756314e-03
U_G_7_A_14 = 3.328848e-03
U_G_8_A_14 = 2.379521e-03
U_G_9_A_14 = 1.201399e-03
U_G_10_A_14 = 0.000000e+00
U_G_1_A_15 = 0.000000e+00
U_G_2_A_15 = 1.244415e-03
U_G_3_A_15 = 2.233225e-03
U_G_4_A_15 = 2.065218e-03
U_G_5_A_15 = 1.267751e-03
U_G_6_A_15 = 1.388052e-03
U_G_7_A_15 = 2.106619e-03
U_G_8_A_15 = 2.249697e-03
U_G_9_A_15 = 1.532894e-03
U_G_10_A_15 = 0.000000e+00
