U_G_1_A_1 = 0.000000e+00
U_G_2_A_1 = 4.877896e-05
U_G_3_A_1 = -1.070087e-04
U_G_4_A_1 = -4.930849e-04
U_G_5_A_1 = -9.464459e-04
U_G_6_A_1 = -1.142986e-03
U_G_7_A_1 = -9.914093e-04
U_G_8_A_1 = -6.476289e-04
U_G_9_A_1 = -2.842328e-04
U_G_10_A_1 = 0.000000e+00
U_G_1_A_2 = -0.000000e+00
U_G_2_A_2 = -3.566259e-04
U_G_3_A_2 = -7.423108e-04
U_G_4_A_2 = -8.876950e-04
U_G_5_A_2 = -8.147938e-04
U_G_6_A_2 = -7.690631e-04
U_G_7_A_2 = -7.399088e-04
U_G_8_A_2 = -5.836003e-04
U_G_9_A_2 = -3.250798e-04
U_G_10_A_2 = -0.000000e+00
U_G_1_A_3 = -0.000000e+00
U_G_2_A_3 = -5.337340e-04
U_G_3_A_3 = -1.152237e-03
U_G_4_A_3 = -1.450854e-03
U_G_5_A_3 = -1.436932e-03
U_G_6_A_3 = -1.426959e-03
U_G_7_A_3 = -1.371564e-03
U_G_8_A_3 = -1.067526e-03
U_G_9_A_3 = -5.846041e-04
U_G_10_A_3 = -0.000000e+00
U_G_1_A_4 = 0.000000e+00
U_G_2_A_4 = -4.590018e-05
U_G_3_A_4 = -2.680270e-04
U_G_4_A_4 = -6.167955e-04
U_G_5_A_4 = -9.113270e-04
U_G_6_A_4 = -8.866658e-04
U_G_7_A_4 = -5.931033e-04
U_G_8_A_4 = -2.525221e-04
U_G_9_A_4 = -3.410172e-05
U_G_10_A_4 = 0.000000e+00
U_G_1_A_5 = 0.000000e+00
U_G_2_A_5 = -9.095675e-05
U_G_3_A_5 = -3.419243e-04
U_G_4_A_5 = -6.682535e-04
U_G_5_A_5 = -8.882956e-04
U_G_6_A_5 = -7.752224e-04
U_G_7_A_5 = -4.338228e-04
U_G_8_A_5 = -1.015675e-04
U_G_9_A_5 = 5.852891e-05
U_G_10_A_5 = 0.000000e+00
U_G_1_A_6 = 0.000000e+00
U_G_2_A_6 = -2.495796e-04
U_G_3_A_6 = -7.616443e-04
U_G_4_A_6 = -1.345461e-03
U_G_5_A_6 = -1.926689e-03
U_G_6_A_6 = -2.444878e-03
U_G_7_A_6 = -2.545006e-03
U_G_8_A_6 = -2.046064e-03
U_G_9_A_6 = -1.131745e-03
U_G_10_A_6 = 0.000000e+00
U_G_1_A_7 = -0.000000e+00
U_G_2_A_7 = -1.069626e-03
U_G_3_A_7 = -2.482619e-03
U_G_4_A_7 = -3.424995e-03
U_G_5_A_7 = -3.834222e-03
U_G_6_A_7 = -4.163987e-03
U_G_7_A_7 = -4.098683e-03
U_G_8_A_7 = -3.205636e-03
U_G_9_A_7 = -1.748889e-03
U_G_10_A_7 = -0.000000e+00
U_G_1_A_8 = 0.000000e+00
U_G_2_A_8 = -1.834404e-04
U_G_3_A_8 = -5.253439e-04
U_G_4_A_8 = -8.658421e-04
U_G_5_A_8 = -9.833963e-04
U_G_6_A_8 = -6.699412e-04
U_G_7_A_8 = -1.628918e-04
U_G_8_A_8 = 2.128551e-04
U_G_9_A_8 = 2.746126e-04
U_G_10_A_8 = 0.000000e+00
U_G_1_A_9 = 0.000000e+00
U_G_2_A_9 = 9.214216e-04
U_G_3_A_9 = 1.939644e-03
U_G_4_A_9 = 2.304902e-03
U_G_5_A_9 = 1.584296e-03
U_G_6_A_9 = -1.361627e-04
U_G_7_A_9 = -1.711493e-03
U_G_8_A_9 = -2.323141e-03
U_G_9_A_9 = -1.700497e-03
U_G_10_A_9 = 0.000000e+00
U_G_1_A_10 = 0.000000e+00
U_G_2_A_10 = 3.616823e-04
U_G_3_A_10 = 4.699033e-04
U_G_4_A_10 = 6.083895e-05
U_G_5_A_10 = -6.776279e-04
U_G_6_A_10 = -1.158778e-03
U_G_7_A_10 = -1.138834e-03
U_G_8_A_10 = -8.204203e-04
U_G_9_A_10 = -3.965723e-04
U_G_10_A_10 = 0.000000e+00
U_G_1_A_11 = 0.000000e+00
U_G_2_A_11 = 7.594056e-05
U_G_3_A_11 = 1.914521e-04
U_G_4_A_11 = 2.882914e-04
U_G_5_A_11 = 3.535762e-04
U_G_6_A_11 = 4.018688e-04
U_G_7_A_11 = 3.959769e-04
U_G_8_A_11 = 3.071230e-04
U_G_9_A_11 = 1.655997e-04
U_G_10_A_11 = 0.000000e+00
U_G_1_A_12 = 0.000000e+00
U_G_2_A_12 = 3.233367e-05
U_G_3_A_12 = 8.734123e-05
U_G_4_A_12 = 1.383471e-04
U_G_5_A_12 = 1.613235e-04
U_G_6_A_12 = 1.389487e-04
U_G_7_A_12 = 8.795684e-05
U_G_8_A_12 = 3.487474e-05
U_G_9_A_12 = 3.104113e-06
U_G_10_A_12 = 0.000000e+00
U_G_1_A_13 = 0.000000e+00
U_G_2_A_13 = 2.755379e-04
U_G_3_A_13 = 2.182499e-04
U_G_4_A_13 = -3.709464e-04
U_G_5_A_13 = -1.291548e-03
U_G_6_A_13 = -1.956462e-03
U_G_7_A_13 = -1.993324e-03
U_G_8_A_13 = -1.523953e-03
U_G_9_A_13 = -7.935542e-04
U_G_10_A_13 = 0.000000e+00
U_G_1_A_14 = 0.000000e+00
U_G_2_A_14 = -4.985751e-05
U_G_3_A_14 = 5.257200e-05
U_G_4_A_14 = 3.305014e-04
U_G_5_A_14 = 6.060288e-04
U_G_6_A_14 = 5.669502e-04
U_G_7_A_14 = 2.823022e-04
U_G_8_A_14 = 1.069461e-05
U_G_9_A_14 = -9.762264e-05
U_G_10_A_14 = 0.000000e+00
U_G_1_A_15 = 0.000000e+00
U_G_2_A_15 = -1.993071e-04
U_G_3_A_15 = -2.938403e-04
U_G_4_A_15 = -1.312679e-04
U_G_5_A_15 = 2.573729e-04
U_G_6_A_15 = 6.474373e-04
U_G_7_A_15 = 8.058781e-04
U_G_8_A_15 = 7.079261e-04
U_G_9_A_15 = 4.123503e-04
U_G_10_A_15 = 0.000000e+00
