U_G_1_A_1 = -0.000000e+00
U_G_2_A_1 = -1.220070e-03
U_G_3_A_1 = -2.368682e-03
U_G_4_A_1 = -2.544884e-03
U_G_5_A_1 = -2.058020e-03
U_G_6_A_1 = -2.098563e-03
U_G_7_A_1 = -2.449105e-03
U_G_8_A_1 = -2.250486e-03
U_G_9_A_1 = -1.402963e-03
U_G_10_A_1 = -0.000000e+00
U_G_1_A_2 = -0.000000e+00
U_G_2_A_2 = -1.984700e-03
U_G_3_A_2 = -4.112242e-03
U_G_4_A_2 = -4.893774e-03
U_G_5_A_2 = -4.548828e-03
U_G_6_A_2 = -4.560061e-03
U_G_7_A_2 = -4.670724e-03
U_G_8_A_2 = -3.863500e-03
U_G_9_A_2 = -2.228501e-03
U_G_10_A_2 = -0.000000e+00
U_G_1_A_3 = -0.000000e+00
U_G_2_A_3 = -2.873981e-03
U_G_3_A_3 = -6.063258e-03
U_G_4_A_3 = -7.404099e-03
U_G_5_A_3 = -7.113354e-03
U_G_6_A_3 = -7.167384e-03
U_G_7_A_3 = -7.190757e-03
U_G_8_A_3 = -5.825539e-03
U_G_9_A_3 = -3.300832e-03
U_G_10_A_3 = -0.000000e+00
U_G_1_A_4 = -0.000000e+00
U_G_2_A_4 = -3.258995e-03
U_G_3_A_4 = -7.185150e-03
U_G_4_A_4 = -9.299514e-03
U_G_5_A_4 = -9.531012e-03
U_G_6_A_4 = -9.602458e-03
U_G_7_A_4 = -9.148874e-03
U_G_8_A_4 = -7.030105e-03
U_G_9_A_4 = -3.798788e-03
U_G_10_A_4 = -0.000000e+00
U_G_1_A_5 = -0.000000e+00
U_G_2_A_5 = -3.460966e-03
U_G_3_A_5 = -7.802589e-03
U_G_4_A_5 = -1.037914e-02
U_G_5_A_5 = -1.094732e-02
U_G_6_A_5 = -1.105778e-02
U_G_7_A_5 = -1.033562e-02
U_G_8_A_5 = -7.771276e-03
U_G_9_A_5 = -4.111124e-03
U_G_10_A_5 = -0.000000e+00
U_G_1_A_6 = -0.000000e+00
U_G_2_A_6 = -2.713532e-03
U_G_3_A_6 = -6.275365e-03
U_G_4_A_6 = -8.619372e-03
U_G_5_A_6 = -9.583326e-03
U_G_6_A_6 = -1.032687e-02
U_G_7_A_6 = -1.011211e-02
U_G_8_A_6 = -7.878886e-03
U_G_9_A_6 = -4.286169e-03
U_G_10_A_6 = -0.000000e+00
U_G_1_A_7 = -0.000000e+00
U_G_2_A_7 = -2.562003e-03
U_G_3_A_7 = -5.840889e-03
U_G_4_A_7 = -7.887157e-03
U_G_5_A_7 = -8.583038e-03
U_G_6_A_7 = -9.108677e-03
U_G_7_A_7 = -8.877415e-03
U_G_8_A_7 = -6.905628e-03
U_G_9_A_7 = -3.756112e-03
U_G_10_A_7 = -0.000000e+00
U_G_1_A_8 = -0.000000e+00
U_G_2_A_8 = -7.439228e-04
U_G_3_A_8 = -1.841092e-03
U_G_4_A_8 = -2.703049e-03
U_G_5_A_8 = -3.052651e-03
U_G_6_A_8 = -2.886347e-03
U_G_7_A_8 = -2.298133e-03
U_G_8_A_8 = -1.424308e-03
U_G_9_A_8 = -6.029990e-04
U_G_10_A_8 = -0.000000e+00
U_G_1_A_9 = 0.000000e+00
U_G_2_A_9 = 1.009738e-03
U_G_3_A_9 = 2.091949e-03
U_G_4_A_9 = 2.426244e-03
U_G_5_A_9 = 1.559057e-03
U_G_6_A_9 = -3.739627e-04
U_G_7_A_9 = -2.090761e-03
U_G_8_A_9 = -2.703966e-03
U_G_9_A_9 = -1.943428e-03
U_G_10_A_9 = 0.000000e+00
U_G_1_A_10 = 0.000000e+00
U_G_2_A_10 = 1.049154e-03
U_G_3_A_10 = 1.884303e-03
U_G_4_A_10 = 1.719449e-03
U_G_5_A_10 = 7.634076e-04
U_G_6_A_10 = 6.168512e-05
U_G_7_A_10 = -6.951996e-05
U_G_8_A_10 = -3.569987e-05
U_G_9_A_10 = 1.779644e-05
U_G_10_A_10 = 0.000000e+00
U_G_1_A_11 = 0.000000e+00
U_G_2_A_11 = 1.466546e-03
U_G_3_A_11 = 3.155350e-03
U_G_4_A_11 = 3.951909e-03
U_G_5_A_11 = 3.855876e-03
U_G_6_A_11 = 3.720290e-03
U_G_7_A_11 = 3.485975e-03
U_G_8_A_11 = 2.658936e-03
U_G_9_A_11 = 1.433248e-03
U_G_10_A_11 = 0.000000e+00
U_G_1_A_12 = 0.000000e+00
U_G_2_A_12 = 1.957458e-03
U_G_3_A_12 = 4.185921e-03
U_G_4_A_12 = 5.198695e-03
U_G_5_A_12 = 5.010625e-03
U_G_6_A_12 = 4.791245e-03
U_G_7_A_12 = 4.483907e-03
U_G_8_A_12 = 3.423373e-03
U_G_9_A_12 = 1.848769e-03
U_G_10_A_12 = 0.000000e+00
U_G_1_A_13 = 0.000000e+00
U_G_2_A_13 = 2.268438e-03
U_G_3_A_13 = 4.440005e-03
U_G_4_A_13 = 4.804756e-03
U_G_5_A_13 = 3.614503e-03
U_G_6_A_13 = 2.708782e-03
U_G_7_A_13 = 2.406206e-03
U_G_8_A_13 = 1.867793e-03
U_G_9_A_13 = 1.055873e-03
U_G_10_A_13 = 0.000000e+00
U_G_1_A_14 = 0.000000e+00
U_G_2_A_14 = 1.155272e-03
U_G_3_A_14 = 2.567184e-03
U_G_4_A_14 = 3.349063e-03
U_G_5_A_14 = 3.398803e-03
U_G_6_A_14 = 3.231781e-03
U_G_7_A_14 = 2.863212e-03
U_G_8_A_14 = 2.054818e-03
U_G_9_A_14 = 1.043901e-03
U_G_10_A_14 = 0.000000e+00
U_G_1_A_15 = 0.000000e+00
U_G_2_A_15 = 1.156562e-03
U_G_3_A_15 = 2.007546e-03
U_G_4_A_15 = 1.719788e-03
U_G_5_A_15 = 8.427466e-04
U_G_6_A_15 = 9.170080e-04
U_G_7_A_15 = 1.658010e-03
U_G_8_A_15 = 1.912653e-03
U_G_9_A_15 = 1.356380e-03
U_G_10_A_15 = 0.000000e+00
